1	-0.00005710580239792762
2	-0.00022842106193365908
3	-0.0005139393387025848
4	-0.000913649899871416
5	-0.0014275377259309607
6	-0.002055583505921277
7	-0.0027977636485729818
8	-0.0036540502870821
9	-0.0046244112803606185
10	-0.005708810220994565
11	-0.006907206446840064
12	-0.008219555042046522
13	-0.00964580685740657
14	-0.011185908509219189
15	-0.012839802392477395
16	-0.014607426698717063
17	-0.01648871542784036
18	-0.018483598390616862
19	-0.020592001235172575
20	-0.02281384546188292
21	-0.02514904842746546
22	-0.027597523374765842
23	-0.03015917944571811
24	-0.03283392169214494
25	-0.035621651107021535
26	-0.038522264641187576
27	-0.04153565521198743
28	-0.044661711739649945
29	-0.04790031916058979
30	-0.05125135845275963
31	-0.05471470666168443
32	-0.058290236912284854
33	-0.06197781845025929
34	-0.0657773166512925
35	-0.0696885930605049
36	-0.07371150540780036
37	-0.07784590764083532
38	-0.08209164994616458
39	-0.0864485787878948
40	-0.09091653692360069
41	-0.09549536344093212
42	-0.10018489378626327
43	-0.10498495978811206
44	-0.10989538969784007
45	-0.11491600820568237
46	-0.12004663648872338
47	-0.12528709222738144
48	-0.13063718964485815
49	-0.13609673953556012
50	-0.14166554930000075
51	-0.14734342297458625
52	-0.1531301612643574
53	-0.15902556157141134
54	-0.16502941804264992
55	-0.17114152158251272
56	-0.177361659901635
57	-0.18368961754242719
58	-0.19012517591193046
59	-0.19666811331978806
60	-0.20331820500871345
61	-0.21007522318518568
62	-0.2169389370552608
63	-0.22390911286072424
64	-0.23098551389944078
65	-0.2381679005756041
66	-0.24545603041667619
67	-0.2528496581167019
68	-0.260348535556318
69	-0.2679524118465224
70	-0.2756610333547087
71	-0.28347414372694857
72	-0.2913914839350582
73	-0.29941279228785334
74	-0.3075378044796935
75	-0.3157662535977579
76	-0.3240978701686572
77	-0.33253238217434955
78	-0.3410695150827223
79	-0.34970899186851057
80	-0.3584505330469483
81	-0.36729385669127623
82	-0.3762386784518412
83	-0.3852847115857685
84	-0.39443166697492416
85	-0.4036792531406945
86	-0.4130271762688835
87	-0.4224751402251741
88	-0.432022846559903
89	-0.44166999454034794
90	-0.45141628114708965
91	-0.46126140109072367
92	-0.47120504681913644
93	-0.48124690852739604
94	-0.49138667415513737
95	-0.5016240293961118
96	-0.5119586576960273
97	-0.5223902402428848
98	-0.5329184559739133
99	-0.5435429815607904
100	-0.5542634913953179
101	-0.565079657580668
102	-0.5759911499153532
103	-0.5869976358645772
104	-0.5980987805386349
105	-0.6092942466700606
106	-0.6205836945657666
107	-0.6319667820815766
108	-0.6434431645773202
109	-0.6550124948563507
110	-0.6666744231250732
111	-0.6784285969245047
112	-0.6902746610617214
113	-0.7022122575419871
114	-0.7142410254756442
115	-0.7263606009968271
116	-0.7385706171576203
117	-0.7508707038172133
118	-0.7632604875269635
119	-0.7757395913915843
120	-0.7883076349274916
121	-0.8009642339053471
122	-0.8137090001733895
123	-0.8265415414715562
124	-0.8394614612168425
125	-0.8524683582909347
126	-0.865561826774865
127	-0.8787414556870772
128	-0.8920068286839751
129	-0.9053575237318228
130	-0.9187931127542015
131	-0.9323131612305815
132	-0.9459172277705648
133	-0.9596048636426531
134	-0.9733756122383284
135	-0.9872290085065742
136	-1.0011645783148424
137	-1.0151818377341897
138	-1.0292802922672308
139	-1.0434594359760467
140	-1.0577187505045913
141	-1.072057704016288
142	-1.0864757499724647
143	-1.1009723257784572
144	-1.1155468512729385
145	-1.1301987270026075
146	-1.1449273322745057
147	-1.159732022966864
148	-1.174612129001389
149	-1.1895669514927931
150	-1.204595759441304
151	-1.2196977859342724
152	-1.2348722237549055
153	-1.2501182202515793
154	-1.265434871351431
155	-1.280821214499042
156	-1.2962762202932936
157	-1.3117987825257842
158	-1.3273877061982375
159	-1.3430416930231104
160	-1.358759323701861
161	-1.3745390360870715
162	-1.3903790979686619
163	-1.406277572763429
164	-1.4222322757636903
165	-1.438240717480312
166	-1.4543000291841963
167	-1.4704068632977396
168	-1.4865572574937005
169	-1.5027464450582784
170	-1.5189685834073998
171	-1.5352163537852448
172	-1.5514803502793484
173	-1.5677481086974012
174	-1.5840024865347004
175	-1.6002187975658444
176	-1.6163593645210312
177	-1.632362177274672
178	-1.64811431863086
179	-1.6633789583220278
180	-1.6775442743763733
181	-1.6884311385612136
182	-1.6852356456080315
183	-1.6482827186018767
184	-1.594724248893499
185	-1.537432485689692
186	-1.4789828951606978
187	-1.4200442778053457
188	-1.3608565636178582
189	-1.3015256992221111
190	-1.242105437655482
191	-1.182625880499586
192	-1.123105173151771
193	-1.0635548960042343
194	-1.0039827837223356
195	-0.944394197884094
196	-0.8847929717347824
197	-0.8251819184177975
198	-0.765563149204354
199	-0.7059382796968521
200	-0.6463085674264448
201	-0.5866750060733921
202	-0.5270383914396461
203	-0.4673993686177482
204	-0.4077584662783238
205	-0.348116122032593
206	-0.288472701461842
207	-0.22882851257088532
208	-0.16918381691994
209	-0.10953883827949085
210	-0.04989376943103707
211	0.00975122242755333
212	0.0693959913692197
213	0.1290404092432027
214	0.18868436284185464
215	0.2483277515775626
216	0.30797048556462414
217	0.3676124840283137
218	0.42725367397224545
219	0.48689398906799397
220	0.5465333687038765
221	0.6061717571811869
222	0.6658091030290052
223	0.7254453584113207
224	0.7850804786152139
225	0.8447144216056586
226	0.904347147632734
227	0.9639786188878361
228	1.0236087992035436
229	1.0832376537672417
230	1.1428651488861306
231	1.2024912517579196
232	1.2621159302611886
233	1.3217391527718974
234	1.3813608879748926
235	1.4409811047070207
236	1.5005997717790933
237	1.5602168578241162
238	1.619832331150178
239	1.6794461595713983
240	1.739058310260475
241	1.7986687495867955
242	1.8582774429537494
243	1.9178843546225153
244	1.9774894475381188
245	2.0370926831238876
246	2.096694021080907
247	2.1562934191575778
248	2.215890832899049
249	2.275486215369483
250	2.3350795168439618
251	2.3946706844666323
252	2.454259661852234
253	2.513846388642264
254	2.573430800000324
255	2.633012826008894
256	2.6925923909940366
257	2.752169412715375
258	2.8117438014214713
259	2.871315458718186
260	2.9308842762234235
261	2.9904501339234457
262	3.0500128981771013
263	3.109572419252231
264	3.1691285282413446
265	3.2286810331717106
266	3.288229714015415
267	3.3477743161884064
268	3.4073145419561115
269	3.4668500388106622
270	3.5263803834560576
271	3.585905059102288
272	3.645423422416229
273	3.704934653685882
274	3.7644376786048497
275	3.823931039586796
276	3.8834126712262105
277	3.942879479367548
278	4.002326476278768
279	4.06174477598347
280	4.121116103478016
281	4.180393474939706
282	4.239395895497751
283	4.295957848120793
284	4.273053830682898
285	4.212071978515496
286	4.216102883265762
287	4.274503335032591
288	4.303745365034047
289	4.242959545554754
290	4.181531274841973
291	4.120085685568029
292	4.1537527607061975
293	4.209594213013588
294	4.262204229017698
295	4.261725456489671
296	4.206801867746208
297	4.199730562246714
298	4.254017815910743
299	4.267411830953051
300	4.212202995757707
301	4.154059198508548